48598210824
49145517637
48598210824
48598210824
70168788324
49145517637
58232848835
49145517637
58232848835
49145517637
70168788324
48598210824
48598210824
49145517637
70168788324
48598210824
49145517637
70168788324
60589733790
70168788324
60589733790
58232848835
49145517637
93811029146
93811029146
70168788324
24573729693
58232848835
70168788324
93811029146
60589733790
70168788324
93811029146
60589733790
24573729693
67561871655
67561871655
60589733790
48598210824
24573729693
67561871655
60589733790
48598210824
24942488015
24942488015
60589733790
24942488015
70168788324
70168788324
48598210824
58232848835
93811029146
93811029146
60589733790
49145517637
24573729693
60589733790
93811029146
58232848835
24942488015
67594375081
24942488015
24942488015
93811029146
24573729693
24573729693
49145517637
60589733790
70168788324
72997175285
49145517637
95768392104
49145517637
48598210824
48598210824
49145517637
67594375081
24573729693
48598210824
81897167796
70168788324
24942488015
67594375081
72997175285
58232848835
24942488015
93811029146
70168788324
81897167796
95768392104
95768392104
48598210824
81897167796
49145517637
60589733790
70168788324
49145517637
81897167796
48598210824
58232848835
